=====================================
           Angle from tree           
=====================================
Angle : 0( 0 , 125.465 ) , ( 0 , 75.4648 )
Angle : 1( -1.09782 , 125.452 ) , ( -0.222817 , 75.4622 )
Angle : 2( -2.18936 , 125.427 ) , ( -0.444361 , 75.4572 )
Angle : 3( -3.2809 , 125.377 ) , ( -0.665905 , 75.447 )
Angle : 4( -4.37872 , 125.314 ) , ( -0.888721 , 75.4342 )
Angle : 5( -5.47027 , 125.226 ) , ( -1.11027 , 75.4164 )
Angle : 6( -6.55554 , 125.12 ) , ( -1.33054 , 75.3948 )
Angle : 7( -7.64708 , 124.994 ) , ( -1.55208 , 75.3693 )
Angle : 8( -8.73235 , 124.856 ) , ( -1.77235 , 75.3413 )
Angle : 9( -9.81135 , 124.693 ) , ( -1.99135 , 75.3082 )
Angle : 10( -10.8903 , 124.511 ) , ( -2.21034 , 75.2713 )
Angle : 11( -11.9693 , 124.311 ) , ( -2.42934 , 75.2305 )
Angle : 12( -13.0421 , 124.091 ) , ( -2.64707 , 75.186 )
Angle : 13( -14.1148 , 123.859 ) , ( -2.86479 , 75.1388 )
Angle : 14( -15.175 , 123.602 ) , ( -3.07997 , 75.0866 )
Angle : 15( -16.2351 , 123.326 ) , ( -3.29515 , 75.0306 )
Angle : 16( -17.289 , 123.037 ) , ( -3.50905 , 74.9721 )
Angle : 17( -18.343 , 122.723 ) , ( -3.72295 , 74.9084 )
Angle : 18( -19.3843 , 122.397 ) , ( -3.93431 , 74.8422 )
Angle : 19( -20.4257 , 122.046 ) , ( -4.14567 , 74.7709 )
Angle : 20( -21.4545 , 121.682 ) , ( -4.35448 , 74.697 )
Angle : 21( -22.4833 , 121.299 ) , ( -4.56329 , 74.6194 )
Angle : 22( -23.4996 , 120.898 ) , ( -4.76956 , 74.5379 )
Angle : 23( -24.5095 , 120.478 ) , ( -4.97455 , 74.4526 )
Angle : 24( -25.5133 , 120.038 ) , ( -5.17827 , 74.3634 )
Angle : 25( -26.5107 , 119.587 ) , ( -5.38071 , 74.2718 )
Angle : 26( -27.5019 , 119.116 ) , ( -5.58188 , 74.1763 )
Angle : 27( -28.4805 , 118.627 ) , ( -5.78051 , 74.077 )
Angle : 28( -29.4529 , 118.119 ) , ( -5.97786 , 73.9738 )
Angle : 29( -30.4127 , 117.598 ) , ( -6.17267 , 73.8682 )
Angle : 30( -31.3662 , 117.059 ) , ( -6.3662 , 73.7587 )
Angle : 31( -32.3072 , 116.507 ) , ( -6.55719 , 73.6466 )
Angle : 32( -33.2419 , 115.929 ) , ( -6.7469 , 73.5295 )
Angle : 33( -34.1641 , 115.346 ) , ( -6.93407 , 73.4111 )
Angle : 34( -35.08 , 114.738 ) , ( -7.11996 , 73.2876 )
Angle : 35( -35.9833 , 114.123 ) , ( -7.3033 , 73.1628 )
Angle : 36( -36.8741 , 113.483 ) , ( -7.48411 , 73.0329 )
Angle : 37( -37.7524 , 112.83 ) , ( -7.66236 , 72.9005 )
Angle : 38( -38.6243 , 112.166 ) , ( -7.83934 , 72.7655 )
Angle : 39( -39.4775 , 111.482 ) , ( -8.0125 , 72.6267 )
Angle : 40( -40.3244 , 110.785 ) , ( -8.18439 , 72.4854 )
Angle : 41( -41.1587 , 110.077 ) , ( -8.35373 , 72.3415 )
Angle : 42( -41.9742 , 109.349 ) , ( -8.51925 , 72.1938 )
Angle : 43( -42.7835 , 108.615 ) , ( -8.6835 , 72.0449 )
Angle : 44( -43.5802 , 107.856 ) , ( -8.8452 , 71.8908 )
Angle : 45( -44.3581 , 107.09 ) , ( -9.00308 , 71.7355 )
Angle : 46( -45.1234 , 106.313 ) , ( -9.15841 , 71.5776 )
Angle : 47( -45.8825 , 105.516 ) , ( -9.31248 , 71.4159 )
Angle : 48( -46.6164 , 104.707 ) , ( -9.46145 , 71.2516 )
Angle : 49( -47.3441 , 103.891 ) , ( -9.60914 , 71.0861 )
Angle : 50( -48.053 , 103.057 ) , ( -9.75302 , 70.9168 )
Angle : 51( -48.7493 , 102.21 ) , ( -9.89435 , 70.7449 )
Angle : 52( -49.4331 , 101.357 ) , ( -10.0331 , 70.5717 )
Angle : 53( -50.0981 , 100.485 ) , ( -10.1681 , 70.3948 )
Angle : 54( -50.7505 , 99.6065 ) , ( -10.3005 , 70.2165 )
Angle : 55( -51.3904 , 98.7157 ) , ( -10.4304 , 70.0357 )
Angle : 56( -52.0052 , 97.8124 ) , ( -10.5552 , 69.8524 )
Angle : 57( -52.6137 , 96.8965 ) , ( -10.6787 , 69.6665 )
Angle : 58( -53.1971 , 95.9743 ) , ( -10.7971 , 69.4793 )
Angle : 59( -53.7742 , 95.0396 ) , ( -10.9142 , 69.2896 )
Angle : 60( -54.3263 , 94.0986 ) , ( -11.0263 , 69.0986 )
Angle : 61( -54.8658 , 93.1451 ) , ( -11.1358 , 68.9051 )
Angle : 62( -55.3864 , 92.1853 ) , ( -11.2414 , 68.7103 )
Angle : 63( -55.8946 , 91.2129 ) , ( -11.3446 , 68.5129 )
Angle : 64( -56.3839 , 90.2343 ) , ( -11.4439 , 68.3143 )
Angle : 65( -56.8544 , 89.2431 ) , ( -11.5394 , 68.1131 )
Angle : 66( -57.306 , 88.2457 ) , ( -11.631 , 67.9107 )
Angle : 67( -57.7452 , 87.2419 ) , ( -11.7202 , 67.7069 )
Angle : 68( -58.1655 , 86.2319 ) , ( -11.8055 , 67.502 )
Angle : 69( -58.567 , 85.2157 ) , ( -11.887 , 67.2957 )
Angle : 70( -58.9496 , 84.1869 ) , ( -11.9646 , 67.0869 )
Angle : 71( -59.3135 , 83.1581 ) , ( -12.0385 , 66.8781 )
Angle : 72( -59.6648 , 82.1167 ) , ( -12.1098 , 66.6667 )
Angle : 73( -59.991 , 81.0754 ) , ( -12.176 , 66.4554 )
Angle : 74( -60.3047 , 80.0214 ) , ( -12.2397 , 66.2414 )
Angle : 75( -60.5932 , 78.9675 ) , ( -12.2982 , 66.0275 )
Angle : 76( -60.8692 , 77.9074 ) , ( -12.3542 , 65.8124 )
Angle : 77( -61.1264 , 76.8472 ) , ( -12.4065 , 65.5972 )
Angle : 78( -61.3586 , 75.7745 ) , ( -12.4536 , 65.3795 )
Angle : 79( -61.5781 , 74.7017 ) , ( -12.4981 , 65.1617 )
Angle : 80( -61.7789 , 73.6227 ) , ( -12.5389 , 64.9427 )
Angle : 81( -61.9608 , 72.5437 ) , ( -12.5758 , 64.7237 )
Angle : 82( -62.1239 , 71.4647 ) , ( -12.6089 , 64.5047 )
Angle : 83( -62.2619 , 70.3795 ) , ( -12.6369 , 64.2845 )
Angle : 84( -62.3874 , 69.2879 ) , ( -12.6624 , 64.0629 )
Angle : 85( -62.494 , 68.2027 ) , ( -12.684 , 63.8427 )
Angle : 86( -62.5818 , 67.1111 ) , ( -12.7018 , 63.6211 )
Angle : 87( -62.6446 , 66.0133 ) , ( -12.7146 , 63.3983 )
Angle : 88( -62.6948 , 64.9218 ) , ( -12.7248 , 63.1768 )
Angle : 89( -62.7199 , 63.8302 ) , ( -12.7299 , 62.9552 )
Angle : 90( -62.7324 , 62.7324 ) , ( -12.7324 , 62.7324 )
Angle : 91( -62.7199 , 61.6346 ) , ( -12.7299 , 62.5096 )
Angle : 92( -62.6948 , 60.543 ) , ( -12.7248 , 62.288 )
Angle : 93( -62.6446 , 59.4515 ) , ( -12.7146 , 62.0665 )
Angle : 94( -62.5818 , 58.3537 ) , ( -12.7018 , 61.8437 )
Angle : 95( -62.494 , 57.2621 ) , ( -12.684 , 61.6221 )
Angle : 96( -62.3874 , 56.1769 ) , ( -12.6624 , 61.4019 )
Angle : 97( -62.2619 , 55.0853 ) , ( -12.6369 , 61.1803 )
Angle : 98( -62.1239 , 54 ) , ( -12.6089 , 60.96 )
Angle : 99( -61.9608 , 52.9211 ) , ( -12.5758 , 60.7411 )
Angle : 100( -61.7789 , 51.8421 ) , ( -12.5389 , 60.5221 )
Angle : 101( -61.5781 , 50.7631 ) , ( -12.4981 , 60.3031 )
Angle : 102( -61.3586 , 49.6903 ) , ( -12.4536 , 60.0853 )
Angle : 103( -61.1264 , 48.6176 ) , ( -12.4065 , 59.8676 )
Angle : 104( -60.8692 , 47.5574 ) , ( -12.3542 , 59.6524 )
Angle : 105( -60.5932 , 46.4973 ) , ( -12.2982 , 59.4373 )
Angle : 106( -60.3047 , 45.4434 ) , ( -12.2397 , 59.2234 )
Angle : 107( -59.991 , 44.3894 ) , ( -12.176 , 59.0094 )
Angle : 108( -59.6648 , 43.3481 ) , ( -12.1098 , 58.7981 )
Angle : 109( -59.3135 , 42.3067 ) , ( -12.0385 , 58.5867 )
Angle : 110( -58.9496 , 41.2779 ) , ( -11.9646 , 58.3779 )
Angle : 111( -58.567 , 40.2491 ) , ( -11.887 , 58.1691 )
Angle : 112( -58.1655 , 39.2328 ) , ( -11.8055 , 57.9628 )
Angle : 113( -57.7452 , 38.2229 ) , ( -11.7202 , 57.7579 )
Angle : 114( -57.306 , 37.2191 ) , ( -11.631 , 57.5541 )
Angle : 115( -56.8544 , 36.2217 ) , ( -11.5394 , 57.3517 )
Angle : 116( -56.3839 , 35.2305 ) , ( -11.4439 , 57.1505 )
Angle : 117( -55.8946 , 34.2519 ) , ( -11.3446 , 56.9519 )
Angle : 118( -55.3864 , 33.2795 ) , ( -11.2414 , 56.7545 )
Angle : 119( -54.8658 , 32.3197 ) , ( -11.1358 , 56.5597 )
Angle : 120( -54.3263 , 31.3662 ) , ( -11.0263 , 56.3662 )
Angle : 121( -53.7742 , 30.4252 ) , ( -10.9142 , 56.1752 )
Angle : 122( -53.1971 , 29.4905 ) , ( -10.7971 , 55.9855 )
Angle : 123( -52.6137 , 28.5683 ) , ( -10.6787 , 55.7983 )
Angle : 124( -52.0052 , 27.6524 ) , ( -10.5552 , 55.6124 )
Angle : 125( -51.3904 , 26.7491 ) , ( -10.4304 , 55.4291 )
Angle : 126( -50.7505 , 25.8583 ) , ( -10.3005 , 55.2483 )
Angle : 127( -50.0981 , 24.98 ) , ( -10.1681 , 55.07 )
Angle : 128( -49.4331 , 24.1081 ) , ( -10.0331 , 54.8931 )
Angle : 129( -48.7493 , 23.2549 ) , ( -9.89435 , 54.7199 )
Angle : 130( -48.053 , 22.408 ) , ( -9.75302 , 54.548 )
Angle : 131( -47.3441 , 21.5737 ) , ( -9.60914 , 54.3787 )
Angle : 132( -46.6164 , 20.7582 ) , ( -9.46145 , 54.2132 )
Angle : 133( -45.8825 , 19.9489 ) , ( -9.31248 , 54.0489 )
Angle : 134( -45.1234 , 19.1522 ) , ( -9.15841 , 53.8872 )
Angle : 135( -44.3581 , 18.3743 ) , ( -9.00308 , 53.7293 )
Angle : 136( -43.5802 , 17.609 ) , ( -8.8452 , 53.574 )
Angle : 137( -42.7835 , 16.8499 ) , ( -8.6835 , 53.4199 )
Angle : 138( -41.9742 , 16.116 ) , ( -8.51925 , 53.271 )
Angle : 139( -41.1587 , 15.3883 ) , ( -8.35373 , 53.1233 )
Angle : 140( -40.3244 , 14.6794 ) , ( -8.18439 , 52.9794 )
Angle : 141( -39.4775 , 13.9831 ) , ( -8.0125 , 52.8381 )
Angle : 142( -38.6243 , 13.2993 ) , ( -7.83934 , 52.6993 )
Angle : 143( -37.7524 , 12.6343 ) , ( -7.66236 , 52.5643 )
Angle : 144( -36.8741 , 11.9819 ) , ( -7.48411 , 52.4319 )
Angle : 145( -35.9833 , 11.342 ) , ( -7.3033 , 52.302 )
Angle : 146( -35.08 , 10.7272 ) , ( -7.11996 , 52.1772 )
Angle : 147( -34.1641 , 10.1187 ) , ( -6.93407 , 52.0537 )
Angle : 148( -33.2419 , 9.53533 ) , ( -6.7469 , 51.9353 )
Angle : 149( -32.3072 , 8.95818 ) , ( -6.55719 , 51.8182 )
Angle : 150( -31.3662 , 8.40614 ) , ( -6.3662 , 51.7061 )
Angle : 151( -30.4127 , 7.86664 ) , ( -6.17267 , 51.5966 )
Angle : 152( -29.4529 , 7.34596 ) , ( -5.97786 , 51.491 )
Angle : 153( -28.4805 , 6.83783 ) , ( -5.78051 , 51.3878 )
Angle : 154( -27.5019 , 6.34851 ) , ( -5.58188 , 51.2885 )
Angle : 155( -26.5107 , 5.87803 ) , ( -5.38071 , 51.193 )
Angle : 156( -25.5133 , 5.42635 ) , ( -5.17827 , 51.1014 )
Angle : 157( -24.5095 , 4.98723 ) , ( -4.97455 , 51.0122 )
Angle : 158( -23.4996 , 4.56692 ) , ( -4.76956 , 50.9269 )
Angle : 159( -22.4833 , 4.16543 ) , ( -4.56329 , 50.8454 )
Angle : 160( -21.4545 , 3.78276 ) , ( -4.35448 , 50.7678 )
Angle : 161( -20.4257 , 3.41891 ) , ( -4.14567 , 50.6939 )
Angle : 162( -19.3843 , 3.06761 ) , ( -3.93431 , 50.6226 )
Angle : 163( -18.343 , 2.7414 ) , ( -3.72295 , 50.5564 )
Angle : 164( -17.289 , 2.42774 ) , ( -3.50905 , 50.4927 )
Angle : 165( -16.2351 , 2.13917 ) , ( -3.29515 , 50.4342 )
Angle : 166( -15.175 , 1.86315 ) , ( -3.07997 , 50.3782 )
Angle : 167( -14.1148 , 1.60595 ) , ( -2.86479 , 50.326 )
Angle : 168( -13.0421 , 1.37384 ) , ( -2.64707 , 50.2788 )
Angle : 169( -11.9693 , 1.15428 ) , ( -2.42934 , 50.2343 )
Angle : 170( -10.8903 , 0.953533 ) , ( -2.21034 , 50.1935 )
Angle : 171( -9.81135 , 0.77161 ) , ( -1.99135 , 50.1566 )
Angle : 172( -8.73235 , 0.608505 ) , ( -1.77235 , 50.1235 )
Angle : 173( -7.64708 , 0.470493 ) , ( -1.55208 , 50.0955 )
Angle : 174( -6.55554 , 0.345028 ) , ( -1.33054 , 50.07 )
Angle : 175( -5.47027 , 0.23838 ) , ( -1.11027 , 50.0484 )
Angle : 176( -4.37872 , 0.150555 ) , ( -0.888721 , 50.0306 )
Angle : 177( -3.2809 , 0.087822 ) , ( -0.665905 , 50.0178 )
Angle : 178( -2.18936 , 0.0376358 ) , ( -0.444361 , 50.0076 )
Angle : 179( -1.09782 , 0.0125427 ) , ( -0.222817 , 50.0025 )
Angle : 180( 0 , 0 ) , ( 0 , 50 )
Angle : 181( 1.09782 , 0.0125427 ) , ( 0.222817 , 50.0025 )
Angle : 182( 2.18936 , 0.0376358 ) , ( 0.444361 , 50.0076 )
Angle : 183( 3.2809 , 0.087822 ) , ( 0.665905 , 50.0178 )
Angle : 184( 4.37872 , 0.150555 ) , ( 0.888721 , 50.0306 )
Angle : 185( 5.47027 , 0.23838 ) , ( 1.11027 , 50.0484 )
Angle : 186( 6.55554 , 0.345028 ) , ( 1.33054 , 50.07 )
Angle : 187( 7.64708 , 0.470493 ) , ( 1.55208 , 50.0955 )
Angle : 188( 8.73235 , 0.608505 ) , ( 1.77235 , 50.1235 )
Angle : 189( 9.81135 , 0.77161 ) , ( 1.99135 , 50.1566 )
Angle : 190( 10.8903 , 0.953533 ) , ( 2.21034 , 50.1935 )
Angle : 191( 11.9693 , 1.15428 ) , ( 2.42934 , 50.2343 )
Angle : 192( 13.0421 , 1.37384 ) , ( 2.64707 , 50.2788 )
Angle : 193( 14.1148 , 1.60595 ) , ( 2.86479 , 50.326 )
Angle : 194( 15.175 , 1.86315 ) , ( 3.07997 , 50.3782 )
Angle : 195( 16.2351 , 2.13917 ) , ( 3.29515 , 50.4342 )
Angle : 196( 17.289 , 2.42774 ) , ( 3.50905 , 50.4927 )
Angle : 197( 18.343 , 2.7414 ) , ( 3.72295 , 50.5564 )
Angle : 198( 19.3843 , 3.06761 ) , ( 3.93431 , 50.6226 )
Angle : 199( 20.4257 , 3.41891 ) , ( 4.14567 , 50.6939 )
Angle : 200( 21.4545 , 3.78276 ) , ( 4.35448 , 50.7678 )
Angle : 201( 22.4833 , 4.16543 ) , ( 4.56329 , 50.8454 )
Angle : 202( 23.4996 , 4.56692 ) , ( 4.76956 , 50.9269 )
Angle : 203( 24.5095 , 4.98723 ) , ( 4.97455 , 51.0122 )
Angle : 204( 25.5133 , 5.42635 ) , ( 5.17827 , 51.1014 )
Angle : 205( 26.5107 , 5.87803 ) , ( 5.38071 , 51.193 )
Angle : 206( 27.5019 , 6.34851 ) , ( 5.58188 , 51.2885 )
Angle : 207( 28.4805 , 6.83783 ) , ( 5.78051 , 51.3878 )
Angle : 208( 29.4529 , 7.34596 ) , ( 5.97786 , 51.491 )
Angle : 209( 30.4127 , 7.86664 ) , ( 6.17267 , 51.5966 )
Angle : 210( 31.3662 , 8.40614 ) , ( 6.3662 , 51.7061 )
Angle : 211( 32.3072 , 8.95818 ) , ( 6.55719 , 51.8182 )
Angle : 212( 33.2419 , 9.53533 ) , ( 6.7469 , 51.9353 )
Angle : 213( 34.1641 , 10.1187 ) , ( 6.93407 , 52.0537 )
Angle : 214( 35.08 , 10.7272 ) , ( 7.11996 , 52.1772 )
Angle : 215( 35.9833 , 11.342 ) , ( 7.3033 , 52.302 )
Angle : 216( 36.8741 , 11.9819 ) , ( 7.48411 , 52.4319 )
Angle : 217( 37.7524 , 12.6343 ) , ( 7.66236 , 52.5643 )
Angle : 218( 38.6243 , 13.2993 ) , ( 7.83934 , 52.6993 )
Angle : 219( 39.4775 , 13.9831 ) , ( 8.0125 , 52.8381 )
Angle : 220( 40.3244 , 14.6794 ) , ( 8.18439 , 52.9794 )
Angle : 221( 41.1587 , 15.3883 ) , ( 8.35373 , 53.1233 )
Angle : 222( 41.9742 , 16.116 ) , ( 8.51925 , 53.271 )
Angle : 223( 42.7835 , 16.8499 ) , ( 8.6835 , 53.4199 )
Angle : 224( 43.5802 , 17.609 ) , ( 8.8452 , 53.574 )
Angle : 225( 44.3581 , 18.3743 ) , ( 9.00308 , 53.7293 )
Angle : 226( 45.1234 , 19.1522 ) , ( 9.15841 , 53.8872 )
Angle : 227( 45.8825 , 19.9489 ) , ( 9.31248 , 54.0489 )
Angle : 228( 46.6164 , 20.7582 ) , ( 9.46145 , 54.2132 )
Angle : 229( 47.3441 , 21.5737 ) , ( 9.60914 , 54.3787 )
Angle : 230( 48.053 , 22.408 ) , ( 9.75302 , 54.548 )
Angle : 231( 48.7493 , 23.2549 ) , ( 9.89435 , 54.7199 )
Angle : 232( 49.4331 , 24.1081 ) , ( 10.0331 , 54.8931 )
Angle : 233( 50.0981 , 24.98 ) , ( 10.1681 , 55.07 )
Angle : 234( 50.7505 , 25.8583 ) , ( 10.3005 , 55.2483 )
Angle : 235( 51.3904 , 26.7491 ) , ( 10.4304 , 55.4291 )
Angle : 236( 52.0052 , 27.6524 ) , ( 10.5552 , 55.6124 )
Angle : 237( 52.6137 , 28.5683 ) , ( 10.6787 , 55.7983 )
Angle : 238( 53.1971 , 29.4905 ) , ( 10.7971 , 55.9855 )
Angle : 239( 53.7742 , 30.4252 ) , ( 10.9142 , 56.1752 )
Angle : 240( 54.3263 , 31.3662 ) , ( 11.0263 , 56.3662 )
Angle : 241( 54.8658 , 32.3197 ) , ( 11.1358 , 56.5597 )
Angle : 242( 55.3864 , 33.2795 ) , ( 11.2414 , 56.7545 )
Angle : 243( 55.8946 , 34.2519 ) , ( 11.3446 , 56.9519 )
Angle : 244( 56.3839 , 35.2305 ) , ( 11.4439 , 57.1505 )
Angle : 245( 56.8544 , 36.2217 ) , ( 11.5394 , 57.3517 )
Angle : 246( 57.306 , 37.2191 ) , ( 11.631 , 57.5541 )
Angle : 247( 57.7452 , 38.2229 ) , ( 11.7202 , 57.7579 )
Angle : 248( 58.1655 , 39.2328 ) , ( 11.8055 , 57.9628 )
Angle : 249( 58.567 , 40.2491 ) , ( 11.887 , 58.1691 )
Angle : 250( 58.9496 , 41.2779 ) , ( 11.9646 , 58.3779 )
Angle : 251( 59.3135 , 42.3067 ) , ( 12.0385 , 58.5867 )
Angle : 252( 59.6648 , 43.3481 ) , ( 12.1098 , 58.7981 )
Angle : 253( 59.991 , 44.3894 ) , ( 12.176 , 59.0094 )
Angle : 254( 60.3047 , 45.4434 ) , ( 12.2397 , 59.2234 )
Angle : 255( 60.5932 , 46.4973 ) , ( 12.2982 , 59.4373 )
Angle : 256( 60.8692 , 47.5574 ) , ( 12.3542 , 59.6524 )
Angle : 257( 61.1264 , 48.6176 ) , ( 12.4065 , 59.8676 )
Angle : 258( 61.3586 , 49.6903 ) , ( 12.4536 , 60.0853 )
Angle : 259( 61.5781 , 50.7631 ) , ( 12.4981 , 60.3031 )
Angle : 260( 61.7789 , 51.8421 ) , ( 12.5389 , 60.5221 )
Angle : 261( 61.9608 , 52.9211 ) , ( 12.5758 , 60.7411 )
Angle : 262( 62.1239 , 54 ) , ( 12.6089 , 60.96 )
Angle : 263( 62.2619 , 55.0853 ) , ( 12.6369 , 61.1803 )
Angle : 264( 62.3874 , 56.1769 ) , ( 12.6624 , 61.4019 )
Angle : 265( 62.494 , 57.2621 ) , ( 12.684 , 61.6221 )
Angle : 266( 62.5818 , 58.3537 ) , ( 12.7018 , 61.8437 )
Angle : 267( 62.6446 , 59.4515 ) , ( 12.7146 , 62.0665 )
Angle : 268( 62.6948 , 60.543 ) , ( 12.7248 , 62.288 )
Angle : 269( 62.7199 , 61.6346 ) , ( 12.7299 , 62.5096 )
Angle : 270( 62.7324 , 62.7324 ) , ( 12.7324 , 62.7324 )
Angle : 271( 62.7199 , 63.8302 ) , ( 12.7299 , 62.9552 )
Angle : 272( 62.6948 , 64.9218 ) , ( 12.7248 , 63.1768 )
Angle : 273( 62.6446 , 66.0133 ) , ( 12.7146 , 63.3983 )
Angle : 274( 62.5818 , 67.1111 ) , ( 12.7018 , 63.6211 )
Angle : 275( 62.494 , 68.2027 ) , ( 12.684 , 63.8427 )
Angle : 276( 62.3874 , 69.2879 ) , ( 12.6624 , 64.0629 )
Angle : 277( 62.2619 , 70.3795 ) , ( 12.6369 , 64.2845 )
Angle : 278( 62.1239 , 71.4647 ) , ( 12.6089 , 64.5047 )
Angle : 279( 61.9608 , 72.5437 ) , ( 12.5758 , 64.7237 )
Angle : 280( 61.7789 , 73.6227 ) , ( 12.5389 , 64.9427 )
Angle : 281( 61.5781 , 74.7017 ) , ( 12.4981 , 65.1617 )
Angle : 282( 61.3586 , 75.7745 ) , ( 12.4536 , 65.3795 )
Angle : 283( 61.1264 , 76.8472 ) , ( 12.4065 , 65.5972 )
Angle : 284( 60.8692 , 77.9074 ) , ( 12.3542 , 65.8124 )
Angle : 285( 60.5932 , 78.9675 ) , ( 12.2982 , 66.0275 )
Angle : 286( 60.3047 , 80.0214 ) , ( 12.2397 , 66.2414 )
Angle : 287( 59.991 , 81.0754 ) , ( 12.176 , 66.4554 )
Angle : 288( 59.6648 , 82.1167 ) , ( 12.1098 , 66.6667 )
Angle : 289( 59.3135 , 83.1581 ) , ( 12.0385 , 66.8781 )
Angle : 290( 58.9496 , 84.1869 ) , ( 11.9646 , 67.0869 )
Angle : 291( 58.567 , 85.2157 ) , ( 11.887 , 67.2957 )
Angle : 292( 58.1655 , 86.2319 ) , ( 11.8055 , 67.502 )
Angle : 293( 57.7452 , 87.2419 ) , ( 11.7202 , 67.7069 )
Angle : 294( 57.306 , 88.2457 ) , ( 11.631 , 67.9107 )
Angle : 295( 56.8544 , 89.2431 ) , ( 11.5394 , 68.1131 )
Angle : 296( 56.3839 , 90.2343 ) , ( 11.4439 , 68.3143 )
Angle : 297( 55.8946 , 91.2129 ) , ( 11.3446 , 68.5129 )
Angle : 298( 55.3864 , 92.1853 ) , ( 11.2414 , 68.7103 )
Angle : 299( 54.8658 , 93.1451 ) , ( 11.1358 , 68.9051 )
Angle : 300( 54.3263 , 94.0986 ) , ( 11.0263 , 69.0986 )
Angle : 301( 53.7742 , 95.0396 ) , ( 10.9142 , 69.2896 )
Angle : 302( 53.1971 , 95.9743 ) , ( 10.7971 , 69.4793 )
Angle : 303( 52.6137 , 96.8965 ) , ( 10.6787 , 69.6665 )
Angle : 304( 52.0052 , 97.8124 ) , ( 10.5552 , 69.8524 )
Angle : 305( 51.3904 , 98.7157 ) , ( 10.4304 , 70.0357 )
Angle : 306( 50.7505 , 99.6065 ) , ( 10.3005 , 70.2165 )
Angle : 307( 50.0981 , 100.485 ) , ( 10.1681 , 70.3948 )
Angle : 308( 49.4331 , 101.357 ) , ( 10.0331 , 70.5717 )
Angle : 309( 48.7493 , 102.21 ) , ( 9.89435 , 70.7449 )
Angle : 310( 48.053 , 103.057 ) , ( 9.75302 , 70.9168 )
Angle : 311( 47.3441 , 103.891 ) , ( 9.60914 , 71.0861 )
Angle : 312( 46.6164 , 104.707 ) , ( 9.46145 , 71.2516 )
Angle : 313( 45.8825 , 105.516 ) , ( 9.31248 , 71.4159 )
Angle : 314( 45.1234 , 106.313 ) , ( 9.15841 , 71.5776 )
Angle : 315( 44.3581 , 107.09 ) , ( 9.00308 , 71.7355 )
Angle : 316( 43.5802 , 107.856 ) , ( 8.8452 , 71.8908 )
Angle : 317( 42.7835 , 108.615 ) , ( 8.6835 , 72.0449 )
Angle : 318( 41.9742 , 109.349 ) , ( 8.51925 , 72.1938 )
Angle : 319( 41.1587 , 110.077 ) , ( 8.35373 , 72.3415 )
Angle : 320( 40.3244 , 110.785 ) , ( 8.18439 , 72.4854 )
Angle : 321( 39.4775 , 111.482 ) , ( 8.0125 , 72.6267 )
Angle : 322( 38.6243 , 112.166 ) , ( 7.83934 , 72.7655 )
Angle : 323( 37.7524 , 112.83 ) , ( 7.66236 , 72.9005 )
Angle : 324( 36.8741 , 113.483 ) , ( 7.48411 , 73.0329 )
Angle : 325( 35.9833 , 114.123 ) , ( 7.3033 , 73.1628 )
Angle : 326( 35.08 , 114.738 ) , ( 7.11996 , 73.2876 )
Angle : 327( 34.1641 , 115.346 ) , ( 6.93407 , 73.4111 )
Angle : 328( 33.2419 , 115.929 ) , ( 6.7469 , 73.5295 )
Angle : 329( 32.3072 , 116.507 ) , ( 6.55719 , 73.6466 )
Angle : 330( 31.3662 , 117.059 ) , ( 6.3662 , 73.7587 )
Angle : 331( 30.4127 , 117.598 ) , ( 6.17267 , 73.8682 )
Angle : 332( 29.4529 , 118.119 ) , ( 5.97786 , 73.9738 )
Angle : 333( 28.4805 , 118.627 ) , ( 5.78051 , 74.077 )
Angle : 334( 27.5019 , 119.116 ) , ( 5.58188 , 74.1763 )
Angle : 335( 26.5107 , 119.587 ) , ( 5.38071 , 74.2718 )
Angle : 336( 25.5133 , 120.038 ) , ( 5.17827 , 74.3634 )
Angle : 337( 24.5095 , 120.478 ) , ( 4.97455 , 74.4526 )
Angle : 338( 23.4996 , 120.898 ) , ( 4.76956 , 74.5379 )
Angle : 339( 22.4833 , 121.299 ) , ( 4.56329 , 74.6194 )
Angle : 340( 21.4545 , 121.682 ) , ( 4.35448 , 74.697 )
Angle : 341( 20.4257 , 122.046 ) , ( 4.14567 , 74.7709 )
Angle : 342( 19.3843 , 122.397 ) , ( 3.93431 , 74.8422 )
Angle : 343( 18.343 , 122.723 ) , ( 3.72295 , 74.9084 )
Angle : 344( 17.289 , 123.037 ) , ( 3.50905 , 74.9721 )
Angle : 345( 16.2351 , 123.326 ) , ( 3.29515 , 75.0306 )
Angle : 346( 15.175 , 123.602 ) , ( 3.07997 , 75.0866 )
Angle : 347( 14.1148 , 123.859 ) , ( 2.86479 , 75.1388 )
Angle : 348( 13.0421 , 124.091 ) , ( 2.64707 , 75.186 )
Angle : 349( 11.9693 , 124.311 ) , ( 2.42934 , 75.2305 )
Angle : 350( 10.8903 , 124.511 ) , ( 2.21034 , 75.2713 )
Angle : 351( 9.81135 , 124.693 ) , ( 1.99135 , 75.3082 )
Angle : 352( 8.73235 , 124.856 ) , ( 1.77235 , 75.3413 )
Angle : 353( 7.64708 , 124.994 ) , ( 1.55208 , 75.3693 )
Angle : 354( 6.55554 , 125.12 ) , ( 1.33054 , 75.3948 )
Angle : 355( 5.47027 , 125.226 ) , ( 1.11027 , 75.4164 )
Angle : 356( 4.37872 , 125.314 ) , ( 0.888721 , 75.4342 )
Angle : 357( 3.2809 , 125.377 ) , ( 0.665905 , 75.447 )
Angle : 358( 2.18936 , 125.427 ) , ( 0.444361 , 75.4572 )
Angle : 359( 1.09782 , 125.452 ) , ( 0.222817 , 75.4622 )
Angle : 360( 0 , 125.465 ) , ( 0 , 75.4648 )
